557185078139
71992873810
557199044870
5571997094049
557199621417
071987832405
71987832405
71981544185
71983023773
71985389387
71985542794
71987079083
71987373142
71987488262
71987748247
71987791847
71991354216
71991540625
71992596930
71992651892
71994022685
71999970493
73991951309
5571983193080
557191438962
4171991156087
557591093130
988396484
557130110404
981911906
557187098222
557199565040
5571999742009
5511911047417
557181998122
71986470771
71999517761
5571992917771
557193326612
557199208053
5571999032678
557193790594
557191907005
557188997912
71996771055
71991382710
557181193535
557191028970
999359985
5571999359985
557581310212
71983218900
557199757988
557598680882
557591432493
4171988264890
71999070679
557191592115
557582442860
71997163007
557188483300
557181666134
557193738698
557191802350
556481218959
71991667666
557183895548
557191425445
557191845160
557188536944
557196009649
557197005479
71981977929
77988231238
557182361766
557199575322
557188131630
71983922339
992862659
557598583175
557196203447
993395706
557197170309
557196988817
71991996858
71996536028
75981743277
557188444313
5571992934099
11945987088
071999792886
5571996807575
984681264
557187084764
557185053349
557187445183
999680701
999342223
04171987974837
71992418914
557199675434
11952740021
019981101444
557187876893
553791603334
557183625555
5571997264179
999681992
557182136692
557196698279
557192220344
71982375751
556182344111
557199989952
5571991640817
557191830047
71999932660
71992833819
556183334161
557188810831
557499683276
991671818
5571983542946
71986940944
100
557182346085
557184250555
71988855338
71988707771
557186873193
5571986873193
557196548424
5521991718031
557181686550
557183159496
557192207978
557192535525
557199029507
557186828416
557192024195
071999827511
557197257237
557181058964
557199521967
557191277229
71999561279
557183583919
71985537092
71993463265
557199640787
557191599407
992717199
557197325775
71992223064
5571999216553
557199813269
61452270806
557193237800
557188649326
557121063535
33474592
71982149994
557199138369
071988058080
411938822653
7133706350
557191762081
557181691002
5519999039072
557182393916
71993044444
557194077688
71986282191
71981944030
557194100160
557193525887
557193569914
557182126338
557199615529
71992175920
557196469686
999669539
71992337132
557186784212
71999010125
71996625809
557188011514
71983629767
992023557
991919305
557183596246
557191392915
71993913819
557196080481
557196714528
557187629733
5571992563597
557192286714
5511984361972
557399162471
5571988088684
991777333
61984667458
33599096
557192660026
31737300
33546998
30437663
30167900
557187586875
5571999527043
71999812712
71983565187
71988348222
557132715083
351913589757
553491409654
71992907097
71991529945
21995734020
75992930407
74999187773
557591132564
557192687576
557591778313
557199520096
557191854765
557186470185
557592790007
557183491889
073998544781
557192625930
7599550118
557791942936
5571991215234
557186286746
5571991080889
5571999483672
79991546224
5577991942936
557196548174
557199827973
557193578031
557199699004
557193350000
71999812527
557193863717
557582880847
557186170097
557192239858
557187958876
557199981819
557199321110
557191624043
71999298988
71981137350
557192366226
5571992366226
557191376546
557581387839
5571982345239
71991694836
557191005681
557191354216
71981225544
991263897
5571981007570
984199241
71988014363
5571982314671
32861154
557183173082
75982378520
15625220040
557199772591
71993800472
71985080645
557199652710
557192326110
557191088934
557191812425
557181396348
988743759
557199973653
71992102116
557188080574
5571992621528
5571996244136
557193866335
557599070924
71988080574
557191998101
75981181320
557192487960
71988614246
5571991466210
557187282651
557187831635
5571987182102
557187182102
557186735212
557183712382
557191037711
71986041424
557199173694
71999997134
071988622004
557183264856
071992222847
71994156244
982098627
557588388409
557188936113
5513991130298
557181566579
557591571138
71991809372