557185078139
5571992873810
557199044870
5571997094049
557199621417
071987832405
5571987832405
5571981544185
5571983023773
5571985389387
5571985542794
5571987079083
5571987373142
5571987488262
5571987748247
5571987791847
5571991354216
5571991540625
5571992596930
5571992651892
5571994022685
5571999970493
5573991951309
5571983193080
557191438962
4171991156087
557591093130
5571988396484
557130110404
5571981911906
557187098222
557199565040
5571999742009
5511911047417
557181998122
5571986470771
5571999517761
5571992917771
557193326612
557199208053
5571999032678
557193790594
557191907005
557188997912
5571996771055
5571991382710
557181193535
557191028970
5571999359985
557581310212
5571983218900
557199757988
557598680882
557591432493
4171988264890
5571999070679
557191592115
557582442860
5571997163007
557188483300
557181666134
557193738698
557191802350
556481218959
5571991667666
557183895548
557191425445
557191845160
557188536944
557196009649
557197005479
5571981977929
5577988231238
557182361766
557199575322
557188131630
5571983922339
5571992862659
557598583175
557196203447
5571993395706
557197170309
557196988817
5571991996858
5571996536028
5575981743277
557188444313
5571992934099
5511945987088
071999792886
5571996807575
5571984681264
557187084764
557185053349
557187445183
5571999680701
5571999342223
5571992418914
557199675434
5511952740021
019981101444
557187876893
553791603334
557183625555
5571997264179
5571999681992
557182136692
557196698279
557192220344
5571982375751
556182344111
557199989952
5571991640817
557191830047
5571999932660
5571992833819
556183334161
557188810831
557499683276
5571991671818
5571983542946
5571986940944
557182346085
557184250555
5571988855338
5571988707771
557186873193
5571986873193
557196548424
5521991718031
557181686550
557183159496
557192207978
557192535525
557199029507
557186828416
557192024195
071999827511
557197257237
557181058964
557199521967
557191277229
5571999561279
557183583919
5571985537092
5571993463265
557199640787
557191599407
5571992717199
557197325775
5571992223064
5571999216553
557199813269
5561452270806
557193237800
557188649326
557121063535
557133474592
5571982149994
557199138369
071988058080
411938822653
557133706350
557191762081
557181691002
5519999039072
557182393916
5571993044444
557194077688
5571986282191
5571981944030
557194100160
557193525887
557193569914
557182126338
557199615529
5571992175920
557196469686
5571999669539
5571992337132
557186784212
5571999010125
5571996625809
557188011514
5571983629767
5571992023557
5571991919305
557183596246
557191392915
5571993913819
557196080481
557196714528
557187629733
5571992563597
557192286714
5511984361972
557399162471
5571988088684
5571991777333
5561984667458
557133599096
557192660026
557131737300
557133546998
557130437663
557130167900
557187586875
5571999527043
5571999812712
5571983565187
5571988348222
557132715083
351913589757
553491409654
5571992907097
5571991529945
5521995734020
5575992930407
5574999187773
557591132564
557192687576
557591778313
557199520096
557191854765
557186470185
557592790007
557183491889
073998544781
557192625930
557599550118
557791942936
5571991215234
557186286746
5571991080889
5571999483672
5579991546224
5577991942936
557196548174
557199827973
557193578031
557199699004
557193350000
5571999812527
557193863717
557582880847
557186170097
557192239858
557187958876
557199981819
557199321110
557191624043
5571999298988
5571981137350
557192366226
5571992366226
557191376546
557581387839
5571982345239
5571991694836
557191005681
557191354216
5571981225544
5571991263897
5571981007570
5571984199241
5571988014363
5571982314671
557132861154
557183173082
5575982378520
5515625220040
557199772591
5571993800472
5571985080645
557199652710
557192326110
557191088934
557191812425
557181396348
5571988743759
557199973653
5571992102116
557188080574
5571992621528
5571996244136
557193866335
557599070924
5571988080574
557191998101
5575981181320
557192487960
5571988614246
5571991466210
557187282651
557187831635
5571987182102
557187182102
557186735212
557183712382
557191037711
5571986041424
557199173694
5571999997134
071988622004
557183264856
071992222847
5571994156244
5571982098627
557588388409
557188936113
5513991130298
557181566579
557591571138
5571991809372

=== INVALIDOS ===
"04171987974837  (Too long/weird: 04171987974837)
04171987974837 (Too long/weird: 04171987974837)
"*100 (Too short: 100)